function cm_data=jet2

cm_data=[0         0    0.5625
    0    0.0108    0.7193
    0    0.0486    0.8490
    0    0.1277    0.9375
    0.0000    0.2509    0.9820
    0.0002    0.4044    0.9965
    0.0021    0.5677    0.9975
    0.0104    0.7225    0.9896
    0.0344    0.8519    0.9656
    0.0869    0.9382    0.9131
    0.1668    0.9787    0.8332
    0.2517    0.9949    0.7483
    0.3313    0.9993    0.6687
    0.4059    0.9999    0.5941
    0.4783    1.0000    0.5217
    0.5505    1.0000    0.4495
    0.6226    1.0000    0.3774
    0.6947    1.0000    0.3053
    0.7667    1.0000    0.2333
    0.8373    0.9984    0.1627
    0.9013    0.9903    0.0987
    0.9525    0.9694    0.0475
    0.9829    0.9277    0.0171
    0.9953    0.8681    0.0047
    0.9990    0.7997    0.0010
    0.9999    0.7284    0.0001
    1.0000    0.6564    0.0000
    1.0000    0.5849    0.0000
    1.0000    0.5150         0
    1.0000    0.4465         0
    1.0000    0.3757         0
    1.0000    0.3089         0
    1.0000    0.2657         0
    0.9999    0.2228         0
    0.9996    0.1807         0
    0.9981    0.1405         0
    0.9914    0.1031         0
    0.9659    0.0656         0
    0.9125    0.0309         0
    0.8365    0.0095         0
    0.7557    0.0019         0
    0.6866    0.0003         0
    0.6293    0.0000         0
    0.5798    0.0000         0
    0.5471         0         0
    0.5270         0         0
    0.5127         0         0
    0.5035         0         0
    0.5008         0         0
    0.5004         0         0
    0.5003         0         0
    0.5002         0         0
    0.5002         0         0
    0.5001         0         0
    0.5001         0         0
    0.5001         0         0
    0.5001         0         0
    0.5001         0         0
    0.5000         0         0
    0.5000         0         0
    0.5000         0         0
    0.5000         0         0
    0.5000         0         0
    0.5000         0         0];